time	V(vp)
Step Information: Init=1  (Run: 1/3)
0.000000000000000e+00	1.000000e+00
9.765625114122045e-11	1.000010e+00
1.953125022824409e-10	1.000020e+00
8.000000093488779e-07	1.076125e+00
1.600000018697756e-06	1.145109e+00
3.200000037395512e-06	1.264802e+00
6.400000074791024e-06	1.453325e+00
1.101059448590454e-05	1.646777e+00
1.565338701765723e-05	1.772910e+00
2.007385714274351e-05	1.845280e+00
2.478819039406456e-05	1.890503e+00
2.920995358609545e-05	1.914331e+00
3.358370699391348e-05	1.926444e+00
3.706345498804622e-05	1.930805e+00
3.948146644050959e-05	1.931572e+00
4.247396118688970e-05	1.930737e+00
4.568310335006946e-05	1.928375e+00
5.078850849473546e-05	1.922606e+00
5.634006788317030e-05	1.914627e+00
6.391824966894373e-05	1.902045e+00
7.225622520714469e-05	1.887166e+00
8.202185020714468e-05	1.869163e+00
9.178747520714468e-05	1.851011e+00
1.406156002071447e-04	1.762024e+00
2.773343502071448e-04	1.534723e+00
4.140531002071449e-04	1.336743e+00
5.507718502071450e-04	1.164303e+00
6.874906002071451e-04	1.014107e+00
8.242093502071452e-04	8.832871e-01
9.609281002071453e-04	7.693427e-01
1.097646850207145e-03	6.700972e-01
1.234365600207146e-03	5.836545e-01
1.371084350207146e-03	5.083629e-01
1.507803100207146e-03	4.427839e-01
1.644521850207146e-03	3.856646e-01
1.781240600207146e-03	3.359137e-01
1.917959350207146e-03	2.925808e-01
2.054678100207144e-03	2.548377e-01
2.191396850207141e-03	2.219636e-01
2.328115600207138e-03	1.933302e-01
2.464834350207135e-03	1.683905e-01
2.601553100207132e-03	1.466681e-01
2.738271850207130e-03	1.277479e-01
2.874990600207127e-03	1.112683e-01
3.011709350207124e-03	9.691469e-02
3.148428100207121e-03	8.441266e-02
3.285146850207118e-03	7.352340e-02
3.421865600207115e-03	6.403886e-02
3.558584350207112e-03	5.577782e-02
3.695303100207109e-03	4.858246e-02
3.832021850207106e-03	4.231531e-02
3.968740600207104e-03	3.685662e-02
4.105459350207101e-03	3.210210e-02
4.242178100207098e-03	2.796092e-02
4.378896850207095e-03	2.435395e-02
4.515615600207092e-03	2.121229e-02
4.652334350207089e-03	1.847589e-02
4.789053100207086e-03	1.609250e-02
4.925771850207083e-03	1.401656e-02
5.062490600207080e-03	1.220842e-02
5.199209350207078e-03	1.063353e-02
5.335928100207075e-03	9.261799e-03
5.472646850207072e-03	8.067024e-03
5.609365600207069e-03	7.026375e-03
5.746084350207066e-03	6.119970e-03
5.882803100207063e-03	5.330492e-03
6.019521850207060e-03	4.642857e-03
6.156240600207057e-03	4.043926e-03
6.292959350207054e-03	3.522259e-03
6.429678100207051e-03	3.067886e-03
6.566396850207048e-03	2.672128e-03
6.703115600207045e-03	2.327422e-03
6.839834350207043e-03	2.027184e-03
6.976553100207040e-03	1.765677e-03
7.113271850207037e-03	1.537904e-03
7.249990600207034e-03	1.339514e-03
7.386709350207031e-03	1.166716e-03
7.523428100207028e-03	1.016209e-03
7.660146850207025e-03	8.851179e-04
7.796865600207022e-03	7.709373e-04
7.933584350207020e-03	6.714861e-04
8.070303100207017e-03	5.848642e-04
8.207021850207014e-03	5.094165e-04
8.343740600207011e-03	4.437016e-04
8.490224975207008e-03	3.826701e-04
8.636709350207005e-03	3.300336e-04
8.783193725207002e-03	2.846372e-04
8.929678100206999e-03	2.454852e-04
9.076162475206996e-03	2.117185e-04
9.222646850206993e-03	1.825965e-04
9.369131225206990e-03	1.574802e-04
9.525381225206986e-03	1.344854e-04
9.681631225206983e-03	1.148482e-04
9.759756225206981e-03	1.061326e-04
9.925771850206978e-03	8.974565e-05
9.994131225206976e-03	8.375644e-05
1.000000000000000e-02	8.326013e-05
Step Information: Init=3  (Run: 2/3)
0.000000000000000e+00	3.000000e+00
9.765625114122045e-11	3.000010e+00
1.953125022824409e-10	3.000020e+00
8.000000093488779e-07	3.076048e+00
1.600000018697756e-06	3.144814e+00
3.200000037395512e-06	3.263711e+00
6.400000074791024e-06	3.449941e+00
1.092332001159448e-05	3.635687e+00
1.544331915261258e-05	3.753814e+00
1.969892289028536e-05	3.818602e+00
2.428391325378305e-05	3.856835e+00
2.843108736030018e-05	3.874159e+00
3.148673131201588e-05	3.879154e+00
3.390879498339778e-05	3.879512e+00
3.611819379044868e-05	3.877584e+00
4.035979144927227e-05	3.870354e+00
4.507479939300131e-05	3.858911e+00
5.176479788457890e-05	3.838676e+00
5.883171370113601e-05	3.814577e+00
6.859733870113601e-05	3.779121e+00
7.836296370113600e-05	3.742831e+00
9.789421370113599e-05	3.670083e+00
2.346129637011361e-04	3.196688e+00
3.713317137011362e-04	2.784314e+00
5.080504637011363e-04	2.425137e+00
6.447692137011364e-04	2.112293e+00
7.814879637011366e-04	1.839806e+00
9.182067137011367e-04	1.602471e+00
1.054925463701137e-03	1.395751e+00
1.191644213701137e-03	1.215699e+00
1.328362963701137e-03	1.058874e+00
1.465081713701137e-03	9.222785e-01
1.601800463701137e-03	8.033042e-01
1.738519213701137e-03	6.996777e-01
1.875237963701137e-03	6.094190e-01
2.011956713701136e-03	5.308038e-01
2.148675463701133e-03	4.623299e-01
2.285394213701130e-03	4.026892e-01
2.422112963701127e-03	3.507422e-01
2.558831713701124e-03	3.054963e-01
2.695550463701121e-03	2.660871e-01
2.832269213701119e-03	2.317618e-01
2.968987963701116e-03	2.018645e-01
3.105706713701113e-03	1.758239e-01
3.242425463701110e-03	1.531425e-01
3.379144213701107e-03	1.333871e-01
3.515862963701104e-03	1.161801e-01
3.652581713701101e-03	1.011928e-01
3.789300463701098e-03	8.813894e-02
3.926019213701095e-03	7.676898e-02
4.062737963701092e-03	6.686576e-02
4.199456713701089e-03	5.824005e-02
4.336175463701086e-03	5.072706e-02
4.472894213701084e-03	4.418325e-02
4.609612963701081e-03	3.848360e-02
4.746331713701078e-03	3.351920e-02
4.883050463701075e-03	2.919521e-02
5.019769213701072e-03	2.542902e-02
5.156487963701069e-03	2.214867e-02
5.293206713701066e-03	1.929148e-02
5.429925463701063e-03	1.680288e-02
5.566644213701060e-03	1.463530e-02
5.703362963701057e-03	1.274734e-02
5.840081713701054e-03	1.110293e-02
5.976800463701052e-03	9.670647e-03
6.113519213701049e-03	8.423130e-03
6.250237963701046e-03	7.336544e-03
6.386956713701043e-03	6.390127e-03
6.523675463701040e-03	5.565799e-03
6.660394213701037e-03	4.847809e-03
6.797112963701034e-03	4.222440e-03
6.933831713701031e-03	3.677743e-03
7.070550463701028e-03	3.203313e-03
7.207269213701025e-03	2.790085e-03
7.343987963701022e-03	2.430163e-03
7.480706713701019e-03	2.116671e-03
7.617425463701017e-03	1.843620e-03
7.754144213701014e-03	1.605792e-03
7.890862963701012e-03	1.398644e-03
8.027581713701009e-03	1.218219e-03
8.164300463701006e-03	1.061068e-03
8.301019213701003e-03	9.241900e-04
8.437737963701000e-03	8.049692e-04
8.574456713700997e-03	7.011279e-04
8.711175463700994e-03	6.106822e-04
8.847894213700991e-03	5.319039e-04
8.984612963700988e-03	4.632882e-04
9.121331713700985e-03	4.035238e-04
9.267816088700982e-03	3.480188e-04
9.414300463700979e-03	3.001486e-04
9.560784838700976e-03	2.588629e-04
9.707269213700973e-03	2.232561e-04
9.756097338700972e-03	2.125109e-04
9.902581713700969e-03	1.832799e-04
9.990472338700967e-03	1.677083e-04
1.000000000000000e-02	1.660980e-04
Step Information: Init=5  (Run: 3/3)
0.000000000000000e+00	5.000000e+00
9.765625114122045e-11	5.000010e+00
1.953125022824409e-10	5.000020e+00
8.000000093488779e-07	5.075971e+00
1.600000018697756e-06	5.144519e+00
3.200000037395512e-06	5.262619e+00
6.400000074791024e-06	5.446553e+00
1.084084301111878e-05	5.624947e+00
1.524121412958654e-05	5.735438e+00
1.933310091523280e-05	5.793884e+00
2.320614329407782e-05	5.823088e+00
2.659847392617329e-05	5.834893e+00
2.901582457403840e-05	5.837008e+00
3.203675066444700e-05	5.834295e+00
3.530823279116522e-05	5.826855e+00
4.044548161519102e-05	5.809096e+00
4.605403603993986e-05	5.784552e+00
5.367179554782206e-05	5.746179e+00
6.209967686858000e-05	5.700641e+00
7.186530186858000e-05	5.646201e+00
8.163092686857999e-05	5.591345e+00
1.304590518685800e-04	5.322530e+00
2.671778018685801e-04	4.635923e+00
4.038965518685802e-04	4.037888e+00
5.406153018685803e-04	3.516999e+00
6.773340518685804e-04	3.063305e+00
8.140528018685805e-04	2.668137e+00
9.507715518685807e-04	2.323947e+00
1.087490301868581e-03	2.024157e+00
1.224209051868581e-03	1.763040e+00
1.360927801868581e-03	1.535607e+00
1.497646551868581e-03	1.337513e+00
1.634365301868581e-03	1.164974e+00
1.771084051868581e-03	1.014692e+00
1.907802801868581e-03	8.837961e-01
2.044521551868580e-03	7.697861e-01
2.181240301868577e-03	6.704834e-01
2.317959051868574e-03	5.839908e-01
2.454677801868571e-03	5.086558e-01
2.591396551868568e-03	4.430390e-01
2.728115301868565e-03	3.858868e-01
2.864834051868562e-03	3.361073e-01
3.001552801868559e-03	2.927493e-01
3.138271551868556e-03	2.549846e-01
3.274990301868553e-03	2.220915e-01
3.411709051868550e-03	1.934416e-01
3.548427801868548e-03	1.684876e-01
3.685146551868545e-03	1.467526e-01
3.821865301868542e-03	1.278215e-01
3.958584051868539e-03	1.113325e-01
4.095302801868536e-03	9.697054e-02
4.232021551868533e-03	8.446131e-02
4.368740301868530e-03	7.356577e-02
4.505459051868528e-03	6.407576e-02
4.642177801868525e-03	5.580997e-02
4.778896551868522e-03	4.861046e-02
4.915615301868519e-03	4.233969e-02
5.052334051868516e-03	3.687786e-02
5.189052801868513e-03	3.212060e-02
5.325771551868510e-03	2.797703e-02
5.462490301868507e-03	2.436799e-02
5.599209051868504e-03	2.122451e-02
5.735927801868501e-03	1.848654e-02
5.872646551868498e-03	1.610177e-02
6.009365301868495e-03	1.402464e-02
6.146084051868493e-03	1.221545e-02
6.282802801868490e-03	1.063966e-02
6.419521551868487e-03	9.267136e-03
6.556240301868484e-03	8.071672e-03
6.692959051868481e-03	7.030424e-03
6.829677801868478e-03	6.123497e-03
6.966396551868475e-03	5.333564e-03
7.103115301868472e-03	4.645532e-03
7.239834051868469e-03	4.046257e-03
7.376552801868466e-03	3.524288e-03
7.513271551868463e-03	3.069654e-03
7.649990301868461e-03	2.673667e-03
7.786709051868458e-03	2.328763e-03
7.923427801868456e-03	2.028352e-03
8.060146551868453e-03	1.766694e-03
8.196865301868450e-03	1.538790e-03
8.333584051868447e-03	1.340286e-03
8.470302801868444e-03	1.167388e-03
8.607021551868441e-03	1.016795e-03
8.743740301868438e-03	8.856279e-04
8.880459051868435e-03	7.713815e-04
9.017177801868432e-03	6.718731e-04
9.153896551868429e-03	5.852013e-04
9.290615301868426e-03	5.097101e-04
9.427334051868424e-03	4.439573e-04
9.573818426868420e-03	3.828906e-04
9.720302801868417e-03	3.302238e-04
9.759365301868416e-03	3.174465e-04
9.905849676868413e-03	2.737815e-04
9.993740301868411e-03	2.505189e-04
1.000000000000000e-02	2.489358e-04
